10 18.180 0.000
20 18.180 0.000
30 18.180 0.000
40 18.180 0.000
50 18.180 0.000
60 18.180 0.000
70 18.180 0.000
80 18.180 0.000
90 18.180 0.000
100 18.180 0.000
150 18.180 0.000
200 18.180 0.000
250 18.180 0.000
300 18.180 0.000
350 18.180 0.000
400 18.180 0.000
450 18.180 0.000
500 18.180 0.000
550 18.180 0.000
600 18.180 0.000
700 18.180 0.000
800 18.180 0.000
900 18.180 0.000
1000 18.180 0.000
1100 18.180 0.000
1300 18.180 0.000
1500 18.457 0.277
1700 18.457 0.277
1900 18.457 0.277
2100 18.457 0.277
2600 18.457 0.277
3100 18.715 0.535
3600 18.715 0.535
4100 18.715 0.535
4100 18.715 0.535
