3 354.24
4 583.2
5 894.8571428571429
7 999.0
8 1540.8
10 1974.24
10 2297.4545454545455
11 2336.4
12 2369.353846153846
14 2496.342857142857
4 640.8
5 644.6769230769231
6 499.8857142857143
7 650.88
8 653.4
9 655.6235294117647
11 1003.2
12 986.7789473684211
13 1006.56
14 826.9714285714285
1 324.0
1 243.0
1 162.0
1 121.5
1 97.2
1 81.0
1 69.42857142857143
1 60.75
3 822.0
4 1085.4
1 388.8
1 155.52
2 146.88
2 246.24
2 157.68
3 182.52
3 281.34
3 157.95
4 188.055
4 275.4675
