3 354.24
4 352.8
5 1042.9714285714285
7 1603.8
8 2001.6
9 2216.16
10 2234.6181818181817
11 2307.6
13 2130.0923076923077
14 2471.657142857143
4 640.8
5 644.6769230769231
6 499.8857142857143
7 650.88
8 653.4
9 655.6235294117647
11 1003.2
12 986.7789473684211
13 1006.56
14 826.9714285714285
1 324.0
1 243.0
1 162.0
1 121.5
1 97.2
1 81.0
1 69.42857142857143
1 60.75
4 918.0
5 1128.6
1 388.8
1 155.52
2 146.88
2 280.8
2 157.68
3 191.16
3 281.34
4 166.59
4 185.895
4 277.6275
